#Frame	 #WatHBAcc	 #WatHBDon	 #WatTotHB	 #HBPaths 	 #TwoEdges 	 #MultiEdges 	 #HBNodesNoinpath 
0		851		851		1702		235718		0		0		16
1		862		862		1724		243567		0		0		10
2		856		856		1712		243089		0		0		11
3		870		870		1740		238184		0		0		15
4		845		845		1690		240121		0		0		20
5		871		871		1742		250011		0		0		5
6		850		850		1700		242086		0		0		15
7		868		868		1736		243073		0		0		16
8		849		849		1698		240108		0		0		13
9		854		854		1708		241080		0		0		17
10		870		870		1740		245030		0		0		17
11		853		853		1706		234310		0		0		14
12		853		853		1706		240618		0		0		8
13		863		863		1726		244556		0		0		13
14		861		861		1722		238179		0		0		20
15		863		863		1726		240579		0		0		10
16		880		880		1760		243561		0		0		13
17		847		847		1694		239154		0		0		16
18		857		857		1714		245531		0		0		12
19		858		858		1716		235134		0		0		12
20		880		880		1760		246530		0		0		9
21		855		855		1710		232868		0		0		17
22		847		847		1694		241604		0		0		13
23		850		850		1700		245538		0		0		14
24		851		851		1702		240625		0		0		14
25		866		866		1732		241042		0		0		9
26		861		861		1722		243526		0		0		8
27		855		855		1710		240122		0		0		21
28		849		849		1698		242099		0		0		9
29		853		853		1706		242578		0		0		12
30		875		875		1750		243570		0		0		13
31		850		850		1700		238670		0		0		16
32		858		858		1716		246512		0		0		8
33		862		862		1724		239654		0		0		14
34		856		856		1712		234302		0		0		21
35		836		836		1672		233831		0		0		17
36		867		867		1734		247028		0		0		12
37		871		871		1742		238054		0		0		22
38		874		874		1748		244562		0		0		13
39		853		853		1706		239639		0		0		15
40		866		866		1732		245558		0		0		9
41		860		860		1720		241109		0		0		14
42		845		845		1690		240073		0		0		19
43		854		854		1708		239649		0		0		18
44		861		861		1722		241599		0		0		11
45		880		880		1760		246532		0		0		10
46		860		860		1720		241589		0		0		18
47		866		866		1732		238691		0		0		13
48		863		863		1726		242598		0		0		13
49		861		861		1722		241616		0		0		11
50		878		878		1756		247032		0		0		11
51		880		880		1760		250017		0		0		10
52		860		860		1720		243567		0		0		13
53		857		857		1714		243080		0		0		13
54		859		859		1718		239614		0		0		17
55		874		874		1748		251008		0		0		8
56		864		864		1728		241131		0		0		15
57		876		876		1752		245055		0		0		13
58		880		880		1760		243536		0		0		8
59		868		868		1736		239160		0		0		14
60		838		838		1676		231910		0		0		17
61		870		870		1740		247029		0		0		10
62		862		862		1724		238173		0		0		12
63		870		870		1740		245973		0		0		5
64		868		868		1736		242575		0		0		17
65		858		858		1716		238661		0		0		17
66		858		858		1716		241596		0		0		17
67		841		841		1682		234758		0		0		19
68		842		842		1684		242062		0		0		21
69		858		858		1716		246515		0		0		10
70		841		841		1682		235237		0		0		16
71		866		866		1732		245526		0		0		9
72		846		846		1692		245054		0		0		12
73		879		879		1758		246039		0		0		8
74		850		850		1700		240625		0		0		16
75		881		881		1762		248018		0		0		11
76		867		867		1734		241595		0		0		17
77		830		830		1660		228073		0		0		21
78		839		839		1678		246029		0		0		11
79		867		867		1734		241543		0		0		18
80		878		878		1756		246041		0		0		13
81		859		859		1718		247527		0		0		10
82		871		871		1742		241108		0		0		14
83		858		858		1716		242559		0		0		16
84		873		873		1746		247986		0		0		17
85		867		867		1734		239619		0		0		12
86		862		862		1724		248460		0		0		4
87		878		878		1756		249518		0		0		9
88		857		857		1714		246028		0		0		9
89		882		882		1764		248000		0		0		13
90		868		868		1736		247517		0		0		8
91		868		868		1736		247012		0		0		16
92		862		862		1724		246500		0		0		8
93		862		862		1724		248017		0		0		14
94		851		851		1702		238186		0		0		15
95		851		851		1702		234779		0		0		13
96		865		865		1730		244543		0		0		14
97		865		865		1730		241106		0		0		15
98		860		860		1720		240607		0		0		15
99		882		882		1764		238638		0		0		12
100		843		843		1686		241597		0		0		17
101		862		862		1724		246037		0		0		12
102		860		860		1720		240630		0		0		18
103		852		852		1704		244055		0		0		13
104		858		858		1716		243048		0		0		11
105		839		839		1678		235251		0		0		16
106		860		860		1720		233646		0		0		22
107		883		883		1766		250014		0		0		8
108		866		866		1732		244050		0		0		11
109		843		843		1686		236246		0		0		17
110		863		863		1726		247020		0		0		10
111		859		859		1718		242046		0		0		10
112		881		881		1762		243065		0		0		15
113		863		863		1726		242539		0		0		14
114		858		858		1716		236694		0		0		15
115		874		874		1748		250504		0		0		7
116		858		858		1716		243104		0		0		11
117		871		871		1742		242603		0		0		12
118		852		852		1704		244057		0		0		14
119		858		858		1716		237692		0		0		15
120		834		834		1668		242524		0		0		10
121		865		865		1730		244561		0		0		17
122		866		866		1732		251514		0		0		8
123		863		863		1726		237220		0		0		16
124		850		850		1700		246032		0		0		15
125		852		852		1704		239135		0		0		18
126		855		855		1710		248519		0		0		11
127		871		871		1742		249013		0		0		11
128		860		860		1720		237663		0		0		12
129		863		863		1726		239649		0		0		13
130		845		845		1690		232248		0		0		27
131		855		855		1710		240133		0		0		14
132		879		879		1758		247525		0		0		8
133		827		827		1654		232875		0		0		15
134		830		830		1660		236744		0		0		17
135		859		859		1718		243057		0		0		20
136		840		840		1680		233705		0		0		15
137		865		865		1730		243994		0		0		17
138		843		843		1686		242090		0		0		8
139		863		863		1726		240618		0		0		15
140		881		881		1762		253008		0		0		4
141		855		855		1710		239152		0		0		15
142		861		861		1722		238678		0		0		13
143		870		870		1740		249517		0		0		8
144		830		830		1660		229476		0		0		15
145		856		856		1712		237181		0		0		19
146		870		870		1740		247524		0		0		12
147		871		871		1742		245540		0		0		12
148		857		857		1714		238677		0		0		13
149		858		858		1716		239609		0		0		12
150		872		872		1744		240130		0		0		13
151		861		861		1722		248030		0		0		9
152		859		859		1718		242571		0		0		10
153		859		859		1718		244543		0		0		13
154		858		858		1716		244048		0		0		9
155		858		858		1716		244065		0		0		13
156		870		870		1740		242054		0		0		10
157		861		861		1722		241597		0		0		14
158		871		871		1742		239107		0		0		13
159		865		865		1730		241116		0		0		16
160		862		862		1724		237650		0		0		11
161		861		861		1722		243077		0		0		15
162		857		857		1714		242095		0		0		12
163		872		872		1744		247020		0		0		11
164		866		866		1732		236169		0		0		12
165		854		854		1708		245046		0		0		14
166		856		856		1712		238185		0		0		19
167		853		853		1706		242087		0		0		16
168		871		871		1742		242082		0		0		14
169		859		859		1718		238675		0		0		13
170		874		874		1748		244020		0		0		8
171		872		872		1744		244054		0		0		15
172		863		863		1726		247027		0		0		11
173		861		861		1722		238659		0		0		16
174		870		870		1740		251004		0		0		6
175		849		849		1698		241580		0		0		21
176		839		839		1678		229495		0		0		20
177		855		855		1710		241112		0		0		15
178		846		846		1692		238660		0		0		15
179		871		871		1742		242091		0		0		15
180		879		879		1758		249494		0		0		6
181		873		873		1746		244061		0		0		12
182		871		871		1742		248515		0		0		9
183		854		854		1708		241588		0		0		16
184		849		849		1698		228527		0		0		21
185		852		852		1704		245545		0		0		13
186		867		867		1734		239649		0		0		17
187		872		872		1744		248520		0		0		11
188		855		855		1710		237210		0		0		13
189		884		884		1768		244547		0		0		11
190		852		852		1704		246989		0		0		6
191		872		872		1744		242580		0		0		11
192		862		862		1724		236728		0		0		13
193		857		857		1714		241029		0		0		18
194		852		852		1704		237223		0		0		18
195		879		879		1758		245066		0		0		8
196		844		844		1688		238615		0		0		13
197		871		871		1742		245544		0		0		13
198		876		876		1752		233845		0		0		17
199		868		868		1736		244545		0		0		15
200		863		863		1726		247519		0		0		7
201		878		878		1756		248515		0		0		14
202		848		848		1696		236245		0		0		11
203		846		846		1692		233324		0		0		18
204		847		847		1694		241112		0		0		15
205		861		861		1722		234817		0		0		14
206		868		868		1736		232388		0		0		14
207		872		872		1744		242091		0		0		12
208		854		854		1708		241541		0		0		10
209		853		853		1706		236175		0		0		12
210		863		863		1726		243577		0		0		13
211		875		875		1750		247025		0		0		8
212		891		891		1782		252013		0		0		9
213		857		857		1714		244039		0		0		12
214		844		844		1688		242080		0		0		15
215		863		863		1726		240629		0		0		15
216		854		854		1708		240126		0		0		16
217		866		866		1732		246038		0		0		9
218		876		876		1752		248022		0		0		10
219		856		856		1712		242088		0		0		14
220		861		861		1722		234775		0		0		24
221		874		874		1748		242113		0		0		13
222		850		850		1700		234404		0		0		14
223		888		888		1776		246514		0		0		12
224		877		877		1754		238132		0		0		17
225		854		854		1708		236701		0		0		20
226		859		859		1718		246514		0		0		10
227		852		852		1704		238669		0		0		16
228		867		867		1734		244924		0		0		18
229		853		853		1706		237637		0		0		13
230		858		858		1716		239114		0		0		11
231		846		846		1692		236600		0		0		10
232		856		856		1712		239622		0		0		21
233		838		838		1676		236687		0		0		15
234		861		861		1722		233328		0		0		17
235		859		859		1718		244063		0		0		13
236		872		872		1744		246045		0		0		9
237		870		870		1740		246021		0		0		10
238		867		867		1734		247516		0		0		10
239		836		836		1672		240577		0		0		12
240		853		853		1706		236699		0		0		21
241		867		867		1734		235271		0		0		19
242		893		893		1786		248021		0		0		11
243		875		875		1750		248522		0		0		7
244		856		856		1712		243507		0		0		8
245		843		843		1686		239633		0		0		19
246		840		840		1680		240130		0		0		16
247		872		872		1744		243566		0		0		14
248		853		853		1706		234765		0		0		21
249		856		856		1712		239128		0		0		14
250		860		860		1720		239647		0		0		16
251		857		857		1714		237189		0		0		15
252		862		862		1724		243065		0		0		11
253		892		892		1784		252015		0		0		8
254		858		858		1716		239126		0		0		16
255		859		859		1718		245540		0		0		14
256		866		866		1732		236241		0		0		19
257		864		864		1728		240093		0		0		11
258		857		857		1714		245538		0		0		14
259		850		850		1700		239154		0		0		16
260		820		820		1640		231441		0		0		18
261		853		853		1706		232370		0		0		26
262		875		875		1750		246538		0		0		11
263		864		864		1728		246517		0		0		9
264		878		878		1756		250507		0		0		11
265		871		871		1742		248509		0		0		14
266		846		846		1692		238174		0		0		17
267		880		880		1760		252513		0		0		9
268		856		856		1712		245045		0		0		14
269		873		873		1746		245535		0		0		16
270		858		858		1716		242562		0		0		11
271		870		870		1740		246036		0		0		13
272		877		877		1754		242581		0		0		12
273		854		854		1708		236183		0		0		9
274		846		846		1692		231843		0		0		15
275		856		856		1712		239597		0		0		10
276		865		865		1730		246526		0		0		12
277		870		870		1740		247522		0		0		12
278		850		850		1700		236719		0		0		18
279		861		861		1722		248012		0		0		9
280		861		861		1722		244553		0		0		14
281		866		866		1732		245518		0		0		8
282		859		859		1718		239165		0		0		17
283		852		852		1704		234289		0		0		22
284		871		871		1742		243079		0		0		13
285		875		875		1750		240144		0		0		13
286		867		867		1734		245542		0		0		11
287		854		854		1708		237214		0		0		19
288		862		862		1724		249008		0		0		13
289		875		875		1750		245043		0		0		15
290		854		854		1708		240618		0		0		13
291		865		865		1730		238169		0		0		16
292		857		857		1714		235663		0		0		13
293		849		849		1698		241120		0		0		14
294		871		871		1742		241107		0		0		17
295		870		870		1740		246522		0		0		14
296		851		851		1702		247514		0		0		11
297		838		838		1676		235700		0		0		16
298		852		852		1704		238171		0		0		18
299		855		855		1710		244019		0		0		8
300		863		863		1726		243072		0		0		10
301		860		860		1720		236739		0		0		14
302		870		870		1740		245066		0		0		12
303		861		861		1722		244549		0		0		11
304		879		879		1758		245541		0		0		10
305		860		860		1720		242036		0		0		22
306		860		860		1720		236614		0		0		22
307		866		866		1732		240115		0		0		13
308		865		865		1730		246527		0		0		14
309		865		865		1730		249504		0		0		6
310		878		878		1756		252021		0		0		7
311		854		854		1708		246028		0		0		14
312		853		853		1706		236176		0		0		13
313		867		867		1734		244053		0		0		11
314		846		846		1692		245042		0		0		13
315		874		874		1748		244540		0		0		10
316		878		878		1756		245544		0		0		9
317		861		861		1722		242556		0		0		8
318		865		865		1730		247521		0		0		12
319		865		865		1730		244533		0		0		9
320		859		859		1718		247509		0		0		8
321		854		854		1708		234801		0		0		15
322		875		875		1750		241581		0		0		13
323		861		861		1722		242589		0		0		13
324		839		839		1678		237698		0		0		16
325		867		867		1734		239118		0		0		11
326		853		853		1706		244001		0		0		9
327		849		849		1698		239151		0		0		18
328		865		865		1730		245528		0		0		13
329		865		865		1730		239648		0		0		15
330		857		857		1714		247474		0		0		7
331		873		873		1746		245043		0		0		16
332		857		857		1714		237709		0		0		15
333		876		876		1752		244060		0		0		13
334		858		858		1716		245045		0		0		16
335		868		868		1736		243048		0		0		16
336		870		870		1740		244562		0		0		12
337		871		871		1742		250513		0		0		11
338		849		849		1698		242090		0		0		15
339		860		860		1720		242060		0		0		13
340		876		876		1752		245055		0		0		11
341		871		871		1742		247531		0		0		9
342		851		851		1702		242560		0		0		10
343		841		841		1682		239645		0		0		16
344		848		848		1696		240080		0		0		10
345		859		859		1718		245547		0		0		11
346		874		874		1748		241612		0		0		14
347		880		880		1760		246519		0		0		14
348		849		849		1698		236742		0		0		16
349		851		851		1702		240621		0		0		17
350		863		863		1726		247026		0		0		9
351		882		882		1764		245055		0		0		9
352		867		867		1734		245540		0		0		14
353		864		864		1728		241595		0		0		14
354		849		849		1698		240131		0		0		13
355		867		867		1734		245037		0		0		16
356		854		854		1708		238172		0		0		17
357		867		867		1734		243077		0		0		13
358		874		874		1748		247512		0		0		6
359		879		879		1758		241605		0		0		14
360		865		865		1730		240607		0		0		14
361		862		862		1724		248506		0		0		14
362		858		858		1716		241070		0		0		16
363		856		856		1712		242522		0		0		10
364		860		860		1720		241620		0		0		10
365		885		885		1770		248985		0		0		6
366		869		869		1738		246035		0		0		14
367		859		859		1718		244031		0		0		12
368		859		859		1718		244552		0		0		12
369		850		850		1700		242084		0		0		14
370		876		876		1752		244045		0		0		10
371		855		855		1710		237179		0		0		12
372		867		867		1734		245544		0		0		13
373		864		864		1728		242094		0		0		15
374		860		860		1720		240142		0		0		16
375		868		868		1736		246044		0		0		10
376		872		872		1744		247526		0		0		11
377		846		846		1692		249516		0		0		12
378		843		843		1686		235749		0		0		17
379		850		850		1700		242098		0		0		16
380		856		856		1712		238162		0		0		18
381		860		860		1720		246033		0		0		11
382		855		855		1710		242587		0		0		17
383		849		849		1698		243073		0		0		16
384		844		844		1688		238672		0		0		13
385		868		868		1736		245036		0		0		10
386		836		836		1672		230439		0		0		17
387		850		850		1700		240627		0		0		15
388		873		873		1746		246537		0		0		9
389		865		865		1730		243569		0		0		13
390		864		864		1728		247521		0		0		12
391		855		855		1710		248019		0		0		12
392		853		853		1706		238182		0		0		14
393		870		870		1740		244055		0		0		16
394		854		854		1708		241114		0		0		16
395		869		869		1738		247528		0		0		11
396		860		860		1720		247525		0		0		12
397		843		843		1686		234330		0		0		12
398		827		827		1654		232365		0		0		25
399		857		857		1714		236680		0		0		14
400		881		881		1762		243073		0		0		15
401		869		869		1738		244065		0		0		11
402		866		866		1732		244550		0		0		13
403		853		853		1706		244552		0		0		15
404		867		867		1734		245549		0		0		10
405		876		876		1752		243072		0		0		10
406		870		870		1740		240135		0		0		16
407		847		847		1694		244027		0		0		11
408		860		860		1720		241601		0		0		16
409		860		860		1720		236700		0		0		20
410		884		884		1768		237215		0		0		20
411		853		853		1706		238675		0		0		15
412		862		862		1724		247522		0		0		12
413		853		853		1706		244557		0		0		14
414		848		848		1696		238166		0		0		16
415		862		862		1724		245552		0		0		13
416		880		880		1760		245048		0		0		14
417		854		854		1708		240623		0		0		15
418		865		865		1730		242590		0		0		12
419		861		861		1722		237687		0		0		19
420		859		859		1718		240132		0		0		16
421		845		845		1690		241587		0		0		16
422		851		851		1702		240134		0		0		16
423		857		857		1714		238171		0		0		15
424		848		848		1696		238172		0		0		16
425		873		873		1746		245523		0		0		10
426		856		856		1712		233832		0		0		19
427		855		855		1710		237696		0		0		11
428		838		838		1676		239589		0		0		13
429		851		851		1702		244534		0		0		19
430		867		867		1734		239668		0		0		12
431		868		868		1736		246035		0		0		12
432		858		858		1716		238665		0		0		13
433		843		843		1686		235741		0		0		21
434		859		859		1718		239142		0		0		17
435		866		866		1732		238157		0		0		15
436		849		849		1698		241046		0		0		8
437		837		837		1674		235757		0		0		18
438		855		855		1710		242503		0		0		9
439		870		870		1740		247523		0		0		9
440		875		875		1750		242584		0		0		15
441		861		861		1722		246047		0		0		8
442		871		871		1742		250008		0		0		12
443		860		860		1720		242580		0		0		15
444		839		839		1678		236250		0		0		15
445		882		882		1764		245030		0		0		17
446		872		872		1744		243034		0		0		12
447		870		870		1740		244065		0		0		13
448		863		863		1726		241556		0		0		19
449		857		857		1714		241596		0		0		13
450		854		854		1708		232852		0		0		19
451		856		856		1712		245536		0		0		15
452		877		877		1754		252513		0		0		9
453		862		862		1724		244547		0		0		11
454		862		862		1724		241591		0		0		17
455		860		860		1720		237193		0		0		16
456		878		878		1756		249013		0		0		13
457		867		867		1734		244565		0		0		9
458		861		861		1722		234306		0		0		18
459		867		867		1734		243564		0		0		12
460		863		863		1726		239100		0		0		18
461		852		852		1704		238687		0		0		12
462		844		844		1688		233819		0		0		20
463		859		859		1718		240598		0		0		12
464		872		872		1744		241609		0		0		12
465		870		870		1740		238664		0		0		15
466		839		839		1678		236240		0		0		15
467		875		875		1750		240134		0		0		16
468		842		842		1684		242083		0		0		18
469		855		855		1710		240627		0		0		10
470		870		870		1740		233850		0		0		11
471		851		851		1702		238186		0		0		14
472		869		869		1738		247030		0		0		10
473		852		852		1704		239645		0		0		17
474		832		832		1664		239151		0		0		18
475		856		856		1712		241109		0		0		13
476		854		854		1708		244518		0		0		9
477		846		846		1692		241600		0		0		13
478		867		867		1734		244063		0		0		10
479		837		837		1674		240604		0		0		17
480		869		869		1738		247520		0		0		6
481		843		843		1686		241093		0		0		11
482		865		865		1730		237228		0		0		10
483		840		840		1680		237243		0		0		17
484		859		859		1718		240614		0		0		18
485		867		867		1734		250018		0		0		9
486		857		857		1714		240616		0		0		11
487		870		870		1740		242556		0		0		10
488		853		853		1706		238667		0		0		14
489		871		871		1742		247523		0		0		12
490		877		877		1754		242566		0		0		9
491		855		855		1710		244552		0		0		13
492		840		840		1680		232869		0		0		16
493		867		867		1734		246030		0		0		11
494		854		854		1708		239598		0		0		20
495		864		864		1728		244056		0		0		15
496		843		843		1686		240613		0		0		18
497		861		861		1722		244555		0		0		10
498		841		841		1682		233259		0		0		12
499		848		848		1696		239159		0		0		17
500		844		844		1688		245552		0		0		9
501		855		855		1710		240137		0		0		13
502		838		838		1676		238169		0		0		10
503		894		894		1788		246049		0		0		10
504		867		867		1734		244055		0		0		10
505		860		860		1720		242589		0		0		12
506		878		878		1756		246528		0		0		10
507		846		846		1692		233235		0		0		18
508		858		858		1716		243054		0		0		8
509		858		858		1716		240169		0		0		11
510		852		852		1704		240630		0		0		14
511		865		865		1730		242074		0		0		12
512		877		877		1754		249507		0		0		12
513		860		860		1720		248504		0		0		7
514		869		869		1738		245044		0		0		15
515		858		858		1716		242583		0		0		14
516		872		872		1744		234204		0		0		14
517		861		861		1722		245529		0		0		10
518		865		865		1730		246530		0		0		12
519		858		858		1716		248030		0		0		9
520		852		852		1704		239634		0		0		18
521		866		866		1732		239137		0		0		16
522		877		877		1754		246530		0		0		12
523		860		860		1720		241108		0		0		13
524		857		857		1714		234307		0		0		16
525		844		844		1688		236222		0		0		15
526		865		865		1730		244558		0		0		13
527		861		861		1722		235228		0		0		24
528		863		863		1726		246021		0		0		9
529		851		851		1702		240632		0		0		15
530		860		860		1720		249516		0		0		10
531		861		861		1722		238648		0		0		12
532		861		861		1722		241110		0		0		14
533		855		855		1710		244039		0		0		12
534		845		845		1690		236237		0		0		12
535		869		869		1738		244531		0		0		10
536		845		845		1690		234304		0		0		18
537		878		878		1756		240130		0		0		16
538		853		853		1706		242103		0		0		13
539		861		861		1722		238159		0		0		20
540		849		849		1698		245046		0		0		14
541		850		850		1700		245049		0		0		15
542		862		862		1724		246529		0		0		14
543		842		842		1684		228535		0		0		14
544		870		870		1740		246505		0		0		8
545		860		860		1720		236237		0		0		18
546		845		845		1690		237644		0		0		14
547		864		864		1728		243079		0		0		13
548		862		862		1724		240150		0		0		10
549		863		863		1726		247520		0		0		13
550		850		850		1700		239163		0		0		15
551		862		862		1724		245546		0		0		13
552		843		843		1686		236695		0		0		21
553		859		859		1718		244558		0		0		11
554		856		856		1712		244557		0		0		11
555		867		867		1734		244041		0		0		18
556		845		845		1690		245021		0		0		9
557		857		857		1714		247517		0		0		14
558		878		878		1756		244565		0		0		12
559		863		863		1726		242586		0		0		15
560		855		855		1710		245541		0		0		15
561		844		844		1688		230018		0		0		16
562		852		852		1704		245015		0		0		10
563		846		846		1692		237691		0		0		16
564		866		866		1732		242104		0		0		12
565		883		883		1766		250510		0		0		7
566		863		863		1726		238201		0		0		16
567		854		854		1708		239644		0		0		15
568		839		839		1678		229962		0		0		19
569		873		873		1746		237690		0		0		15
570		879		879		1758		246533		0		0		12
571		846		846		1692		239631		0		0		15
572		848		848		1696		246539		0		0		12
573		849		849		1698		239599		0		0		21
574		848		848		1696		234785		0		0		18
575		864		864		1728		246036		0		0		12
576		849		849		1698		232849		0		0		21
577		853		853		1706		235247		0		0		18
578		870		870		1740		242569		0		0		10
579		848		848		1696		240621		0		0		14
580		875		875		1750		250006		0		0		5
581		848		848		1696		237625		0		0		13
582		853		853		1706		243570		0		0		12
583		853		853		1706		246515		0		0		15
584		848		848		1696		238668		0		0		17
585		849		849		1698		239139		0		0		11
586		841		841		1682		236719		0		0		18
587		862		862		1724		251003		0		0		6
588		863		863		1726		242569		0		0		15
589		874		874		1748		244547		0		0		13
590		856		856		1712		244005		0		0		7
591		868		868		1736		248526		0		0		9
592		851		851		1702		240590		0		0		13
593		843		843		1686		237219		0		0		19
594		860		860		1720		240144		0		0		11
595		874		874		1748		248518		0		0		12
596		849		849		1698		237713		0		0		10
597		860		860		1720		239150		0		0		15
598		859		859		1718		245039		0		0		15
599		879		879		1758		254029		0		0		6
600		886		886		1772		248519		0		0		12
601		855		855		1710		243072		0		0		10
602		870		870		1740		248514		0		0		8
603		866		866		1732		244549		0		0		14
604		870		870		1740		246533		0		0		11
605		862		862		1724		246038		0		0		13
606		866		866		1732		241087		0		0		12
607		859		859		1718		245053		0		0		12
608		857		857		1714		234311		0		0		16
609		847		847		1694		237186		0		0		14
610		852		852		1704		238658		0		0		21
611		862		862		1724		244502		0		0		20
612		863		863		1726		244055		0		0		14
613		869		869		1738		242562		0		0		13
614		843		843		1686		241600		0		0		14
615		853		853		1706		240129		0		0		16
616		859		859		1718		241094		0		0		12
617		860		860		1720		243057		0		0		12
618		869		869		1738		242085		0		0		16
619		835		835		1670		234258		0		0		18
620		875		875		1750		244059		0		0		14
621		881		881		1762		248522		0		0		9
622		864		864		1728		245037		0		0		12
623		860		860		1720		241601		0		0		15
624		861		861		1722		234767		0		0		21
625		866		866		1732		244058		0		0		15
626		842		842		1684		238187		0		0		17
627		850		850		1700		240147		0		0		14
628		874		874		1748		245543		0		0		11
629		865		865		1730		245516		0		0		12
630		856		856		1712		240140		0		0		13
631		878		878		1756		243591		0		0		9
632		847		847		1694		238676		0		0		16
633		857		857		1714		246525		0		0		10
634		857		857		1714		238098		0		0		9
635		863		863		1726		244052		0		0		15
636		871		871		1742		240616		0		0		15
637		870		870		1740		244048		0		0		16
638		859		859		1718		245517		0		0		16
639		842		842		1684		235297		0		0		14
640		856		856		1712		244553		0		0		13
641		862		862		1724		248513		0		0		10
642		866		866		1732		243077		0		0		11
643		865		865		1730		242083		0		0		15
644		842		842		1684		241592		0		0		13
645		854		854		1708		239648		0		0		13
646		861		861		1722		248011		0		0		12
647		839		839		1678		229538		0		0		14
648		867		867		1734		237691		0		0		18
649		858		858		1716		244552		0		0		13
650		854		854		1708		243047		0		0		5
651		875		875		1750		247026		0		0		14
652		857		857		1714		242090		0		0		15
653		861		861		1722		243563		0		0		15
654		872		872		1744		245044		0		0		13
655		861		861		1722		242071		0		0		10
656		871		871		1742		244564		0		0		13
657		873		873		1746		245535		0		0		10
658		853		853		1706		247020		0		0		13
659		862		862		1724		244066		0		0		9
660		863		863		1726		243541		0		0		13
661		853		853		1706		231401		0		0		19
662		869		869		1738		244070		0		0		12
663		871		871		1742		244054		0		0		10
664		845		845		1690		235232		0		0		18
665		868		868		1736		246532		0		0		13
666		872		872		1744		244056		0		0		14
667		873		873		1746		243566		0		0		14
668		856		856		1712		239626		0		0		18
669		858		858		1716		238620		0		0		12
670		881		881		1762		241613		0		0		12
671		866		866		1732		234805		0		0		14
672		873		873		1746		235276		0		0		20
673		857		857		1714		242053		0		0		9
674		875		875		1750		247027		0		0		11
675		847		847		1694		240117		0		0		14
676		865		865		1730		237694		0		0		17
677		840		840		1680		238172		0		0		13
678		860		860		1720		247028		0		0		10
679		850		850		1700		236723		0		0		17
680		835		835		1670		237692		0		0		20
681		859		859		1718		246529		0		0		10
682		881		881		1762		245540		0		0		13
683		853		853		1706		247478		0		0		6
684		850		850		1700		231887		0		0		23
685		864		864		1728		248522		0		0		10
686		860		860		1720		245039		0		0		10
687		864		864		1728		242582		0		0		16
688		857		857		1714		245539		0		0		16
689		857		857		1714		245985		0		0		6
690		872		872		1744		244546		0		0		13
691		865		865		1730		243579		0		0		11
692		869		869		1738		242077		0		0		16
693		863		863		1726		243069		0		0		13
694		870		870		1740		247012		0		0		13
695		880		880		1760		243056		0		0		14
696		876		876		1752		246032		0		0		14
697		880		880		1760		247024		0		0		12
698		847		847		1694		237223		0		0		18
699		875		875		1750		242122		0		0		10
700		874		874		1748		249016		0		0		10
701		867		867		1734		246027		0		0		13
702		873		873		1746		246004		0		0		9
703		849		849		1698		239524		0		0		8
704		861		861		1722		248513		0		0		14
705		860		860		1720		244527		0		0		13
706		872		872		1744		249024		0		0		11
707		862		862		1724		245533		0		0		12
708		883		883		1766		247524		0		0		11
709		884		884		1768		246519		0		0		13
710		858		858		1716		242044		0		0		11
711		851		851		1702		245062		0		0		9
712		870		870		1740		244058		0		0		12
713		866		866		1732		247526		0		0		11
714		841		841		1682		239142		0		0		18
715		854		854		1708		246538		0		0		10
716		851		851		1702		234304		0		0		15
717		855		855		1710		233413		0		0		17
718		858		858		1716		244542		0		0		15
719		853		853		1706		233296		0		0		13
720		856		856		1712		236200		0		0		17
721		874		874		1748		243052		0		0		10
722		860		860		1720		243558		0		0		13
723		871		871		1742		246047		0		0		10
724		840		840		1680		229518		0		0		16
725		862		862		1724		249017		0		0		10
726		854		854		1708		243095		0		0		8
727		845		845		1690		237705		0		0		14
728		886		886		1772		252012		0		0		10
729		871		871		1742		245509		0		0		14
730		859		859		1718		237675		0		0		13
731		858		858		1716		242100		0		0		10
732		881		881		1762		244560		0		0		12
733		854		854		1708		244550		0		0		15
734		862		862		1724		244065		0		0		14
735		862		862		1724		237225		0		0		15
736		851		851		1702		241113		0		0		14
737		838		838		1676		229979		0		0		14
738		864		864		1728		240117		0		0		13
739		866		866		1732		242078		0		0		18
740		846		846		1692		237673		0		0		12
741		837		837		1674		243073		0		0		12
742		853		853		1706		237707		0		0		15
743		849		849		1698		236725		0		0		18
744		842		842		1684		236240		0		0		15
745		865		865		1730		241594		0		0		16
746		855		855		1710		241120		0		0		13
747		865		865		1730		240598		0		0		14
748		865		865		1730		245047		0		0		11
749		861		861		1722		241565		0		0		17
750		858		858		1716		246500		0		0		15
751		856		856		1712		238625		0		0		20
752		857		857		1714		245543		0		0		11
753		874		874		1748		253516		0		0		4
754		845		845		1690		234739		0		0		18
755		857		857		1714		245547		0		0		10
756		865		865		1730		243079		0		0		12
757		848		848		1696		249015		0		0		10
758		850		850		1700		240622		0		0		16
759		839		839		1678		239636		0		0		13
760		864		864		1728		240631		0		0		13
761		858		858		1716		241120		0		0		14
762		857		857		1714		237714		0		0		15
763		857		857		1714		240618		0		0		11
764		863		863		1726		241613		0		0		11
765		854		854		1708		233370		0		0		17
766		850		850		1700		242091		0		0		17
767		872		872		1744		248496		0		0		8
768		865		865		1730		242091		0		0		15
769		837		837		1674		237701		0		0		16
770		854		854		1708		237210		0		0		17
771		871		871		1742		246030		0		0		10
772		870		870		1740		236236		0		0		16
773		855		855		1710		239653		0		0		16
774		858		858		1716		242570		0		0		10
775		859		859		1718		239132		0		0		14
776		866		866		1732		239637		0		0		14
777		871		871		1742		241609		0		0		11
778		850		850		1700		235748		0		0		19
779		863		863		1726		238102		0		0		10
780		858		858		1716		244038		0		0		12
781		865		865		1730		241611		0		0		12
782		862		862		1724		236230		0		0		17
783		877		877		1754		239641		0		0		18
784		885		885		1770		249517		0		0		9
785		834		834		1668		230447		0		0		18
786		870		870		1740		244556		0		0		11
787		859		859		1718		249500		0		0		12
788		843		843		1686		238650		0		0		15
789		839		839		1678		244545		0		0		14
790		852		852		1704		238638		0		0		16
791		854		854		1708		237709		0		0		16
792		868		868		1736		245054		0		0		13
793		849		849		1698		237243		0		0		11
794		847		847		1694		240618		0		0		12
795		869		869		1738		245041		0		0		15
796		857		857		1714		243052		0		0		16
797		867		867		1734		238664		0		0		20
798		872		872		1744		247518		0		0		8
799		863		863		1726		234786		0		0		20
800		863		863		1726		243567		0		0		15
801		858		858		1716		242582		0		0		17
802		845		845		1690		242085		0		0		11
803		864		864		1728		246513		0		0		7
804		857		857		1714		241109		0		0		13
805		859		859		1718		247526		0		0		12
806		856		856		1712		249016		0		0		12
807		835		835		1670		233335		0		0		19
808		893		893		1786		247027		0		0		11
809		882		882		1764		248024		0		0		9
810		878		878		1756		244034		0		0		16
811		884		884		1768		248019		0		0		7
812		864		864		1728		241086		0		0		11
813		861		861		1722		243534		0		0		10
814		846		846		1692		242578		0		0		13
815		847		847		1694		234317		0		0		16
816		865		865		1730		245541		0		0		13
817		874		874		1748		248014		0		0		10
818		861		861		1722		248518		0		0		8
819		870		870		1740		244059		0		0		16
820		838		838		1676		237661		0		0		18
821		854		854		1708		238587		0		0		12
822		866		866		1732		239595		0		0		10
823		848		848		1696		235261		0		0		22
824		868		868		1736		244551		0		0		14
825		869		869		1738		243560		0		0		16
826		852		852		1704		241604		0		0		12
827		855		855		1710		227126		0		0		16
828		850		850		1700		234670		0		0		24
829		852		852		1704		242576		0		0		15
830		859		859		1718		247385		0		0		2
831		863		863		1726		237655		0		0		12
832		847		847		1694		243079		0		0		15
833		868		868		1736		233854		0		0		16
834		848		848		1696		242531		0		0		8
835		862		862		1724		236743		0		0		20
836		868		868		1736		250012		0		0		11
837		863		863		1726		241109		0		0		14
838		851		851		1702		241097		0		0		12
839		853		853		1706		241559		0		0		12
840		870		870		1740		236233		0		0		11
841		854		854		1708		245042		0		0		9
842		863		863		1726		246533		0		0		13
843		871		871		1742		243540		0		0		11
844		841		841		1682		243570		0		0		14
845		872		872		1744		245531		0		0		14
846		869		869		1738		239161		0		0		14
847		874		874		1748		243555		0		0		13
848		855		855		1710		238675		0		0		14
849		840		840		1680		240139		0		0		17
850		874		874		1748		241614		0		0		14
851		866		866		1732		246034		0		0		11
852		863		863		1726		240142		0		0		12
853		869		869		1738		241554		0		0		17
854		862		862		1724		245523		0		0		9
855		855		855		1710		246531		0		0		13
856		865		865		1730		243031		0		0		11
857		868		868		1736		242543		0		0		17
858		863		863		1726		251027		0		0		5
859		862		862		1724		242572		0		0		16
860		858		858		1716		241087		0		0		12
861		856		856		1712		239593		0		0		21
862		872		872		1744		246030		0		0		10
863		866		866		1732		246523		0		0		13
864		859		859		1718		248523		0		0		11
865		866		866		1732		244059		0		0		14
866		875		875		1750		245535		0		0		7
867		882		882		1764		246539		0		0		11
868		858		858		1716		249514		0		0		11
869		861		861		1722		242578		0		0		12
870		856		856		1712		240591		0		0		18
871		886		886		1772		243102		0		0		14
872		868		868		1736		240131		0		0		17
873		878		878		1756		246536		0		0		12
874		866		866		1732		241121		0		0		12
875		881		881		1762		245040		0		0		12
876		844		844		1688		237694		0		0		15
877		854		854		1708		239110		0		0		10
878		862		862		1724		245538		0		0		12
879		857		857		1714		246038		0		0		11
880		870		870		1740		249009		0		0		9
881		869		869		1738		245524		0		0		11
882		859		859		1718		241572		0		0		12
883		856		856		1712		235210		0		0		21
884		878		878		1756		247039		0		0		9
885		867		867		1734		247008		0		0		9
886		870		870		1740		243559		0		0		12
887		852		852		1704		244548		0		0		16
888		853		853		1706		240134		0		0		16
889		868		868		1736		236249		0		0		14
890		865		865		1730		241567		0		0		15
891		864		864		1728		247516		0		0		11
892		880		880		1760		246537		0		0		12
893		835		835		1670		236230		0		0		13
894		874		874		1748		243579		0		0		7
895		842		842		1684		228609		0		0		17
896		866		866		1732		243080		0		0		14
897		858		858		1716		238177		0		0		16
898		865		865		1730		246034		0		0		11
899		855		855		1710		238663		0		0		14
900		857		857		1714		246532		0		0		13
901		880		880		1760		245516		0		0		16
902		871		871		1742		246029		0		0		11
903		855		855		1710		241119		0		0		15
904		873		873		1746		241586		0		0		17
905		846		846		1692		232847		0		0		23
906		862		862		1724		244557		0		0		12
907		863		863		1726		246021		0		0		14
908		872		872		1744		247509		0		0		15
909		873		873		1746		245534		0		0		13
910		862		862		1724		235750		0		0		15
911		867		867		1734		245533		0		0		11
912		860		860		1720		245023		0		0		11
913		848		848		1696		240101		0		0		13
914		863		863		1726		246016		0		0		9
915		865		865		1730		248494		0		0		15
916		867		867		1734		246053		0		0		13
917		861		861		1722		243052		0		0		9
918		867		867		1734		243532		0		0		9
919		853		853		1706		243582		0		0		7
920		878		878		1756		245044		0		0		11
921		872		872		1744		246034		0		0		11
922		821		821		1642		236202		0		0		17
923		845		845		1690		237666		0		0		16
924		860		860		1720		247029		0		0		12
925		857		857		1714		238190		0		0		19
926		865		865		1730		242556		0		0		8
927		843		843		1686		235777		0		0		16
928		875		875		1750		243496		0		0		19
929		879		879		1758		246532		0		0		11
930		855		855		1710		236222		0		0		17
931		867		867		1734		245541		0		0		12
932		877		877		1754		244061		0		0		12
933		869		869		1738		241116		0		0		13
934		858		858		1716		246522		0		0		12
935		856		856		1712		237694		0		0		11
936		877		877		1754		240062		0		0		12
937		876		876		1752		245546		0		0		11
938		862		862		1724		239653		0		0		18
939		882		882		1764		244561		0		0		12
940		857		857		1714		247991		0		0		8
941		864		864		1728		240635		0		0		13
942		864		864		1728		247506		0		0		8
943		868		868		1736		247421		0		0		3
944		842		842		1684		246525		0		0		15
945		864		864		1728		241604		0		0		15
946		844		844		1688		245055		0		0		13
947		881		881		1762		245018		0		0		10
948		858		858		1716		241095		0		0		18
949		861		861		1722		237668		0		0		14
950		863		863		1726		237212		0		0		18
951		847		847		1694		239607		0		0		13
952		869		869		1738		246019		0		0		10
953		860		860		1720		244546		0		0		15
954		883		883		1766		248518		0		0		11
955		865		865		1730		243067		0		0		14
956		864		864		1728		245540		0		0		12
957		857		857		1714		243571		0		0		12
958		858		858		1716		241617		0		0		13
959		866		866		1732		240619		0		0		16
960		864		864		1728		246018		0		0		9
961		824		824		1648		232308		0		0		24
962		894		894		1788		250513		0		0		4
963		865		865		1730		242099		0		0		13
964		880		880		1760		245050		0		0		11
965		849		849		1698		245543		0		0		12
966		867		867		1734		237689		0		0		13
967		865		865		1730		245544		0		0		13
968		864		864		1728		242089		0		0		12
969		873		873		1746		247024		0		0		14
970		873		873		1746		239069		0		0		9
971		849		849		1698		238670		0		0		14
972		878		878		1756		237710		0		0		11
973		858		858		1716		235719		0		0		12
974		846		846		1692		233339		0		0		20
975		853		853		1706		238688		0		0		13
976		856		856		1712		245026		0		0		10
977		885		885		1770		244548		0		0		14
978		864		864		1728		240123		0		0		17
979		874		874		1748		243592		0		0		10
980		880		880		1760		242106		0		0		13
981		859		859		1718		242090		0		0		14
982		849		849		1698		241068		0		0		10
983		865		865		1730		241111		0		0		11
984		867		867		1734		241113		0		0		16
985		853		853		1706		241084		0		0		8
986		857		857		1714		244556		0		0		14
987		866		866		1732		241577		0		0		12
988		839		839		1678		236240		0		0		17
989		855		855		1710		246036		0		0		10
990		835		835		1670		237198		0		0		17
991		847		847		1694		238173		0		0		18
992		845		845		1690		246539		0		0		8
993		850		850		1700		234803		0		0		18
994		877		877		1754		241579		0		0		11
995		841		841		1682		240612		0		0		11
996		853		853		1706		249491		0		0		5
997		853		853		1706		241616		0		0		10
998		854		854		1708		241607		0		0		13
999		867		867		1734		245046		0		0		15
